50.3522 -0.151883 -0.106395
49.6026 -0.473106 0.292602
49.2681 0.667105 0.441304
49.2652 0.854581 -0.0361733
49.5393 -0.277468 -0.916762
50.1838 0.968809 0.512055
49.001 -0.463871 0.691785
50.7161 0.525135 -0.523004
50.4394 0.56706 0.905417
49.4202 0.898706 -0.504929
49.2428 -0.749072 -0.656812
49.1364 0.853522 0.870082
49.429 0.121624 -0.462813
49.8703 -0.613142 0.391768
49.8341 0.926158 0.1143
50.9173 -0.890092 -0.916891
49.4294 0.110925 0.619238
50.1212 0.826978 -0.855627
49.5982 -0.733634 -0.288568
50.5036 0.686579 0.610138
49.9987 -0.0706496 -0.138933
49.3419 -0.934273 0.714589
50.2119 0.494706 0.836213
49.7491 0.364988 0.223072
50.1409 0.199097 -0.85077
50.2552 -0.883555 0.259138
49.3383 0.545848 0.370063
49.9575 0.667036 -0.802958
49.1019 0.265221 0.463407
50.8134 0.768823 -0.850014
49.4235 0.767496 -0.920664
49.2846 0.109357 0.145063
49.9991 0.321301 0.63977
50.8354 0.0704322 -0.995242
49.0584 0.211331 -0.796145
50.2077 0.46653 0.3203
50.4668 -0.195162 0.866148
50.8369 -0.237615 -0.466816
50.0339 0.864304 -0.201595
50.4973 -0.322344 0.567228
49.6473 -0.898853 -0.665276
50.7266 0.385705 -0.555918
50.8717 0.384851 -0.234617
49.5115 -0.779789 -0.164185
50.5162 0.278641 0.0471468
49.7201 0.486302 0.513677
50.0404 0.953102 0.318516
50.9065 -0.210035 0.0809007
50.4397 -0.176131 0.945205
50.2381 0.32118 0.622861
